@7,1.011,8.882,-176.986,-20.764,-85.516,-30.655268,143.221298
@8271,25.269,1013.250,0.000,-0.288,-0.201,8.515,97.477,-130.964,19.464,-30.655268,143.221298
@8521,24.809,1013.250,0.000,0.833,-0.151,9.053,121.538,-77.414,-74.039,-30.655268,143.221298
@8771,24.653,1013.250,0.000,0.917,1.342,8.426,97.875,-133.332,-139.369,-30.655268,143.221298
@9021,25.275,1013.250,0.000,1.566,0.460,9.472,80.249,-162.270,20.380,-30.655268,143.221298
@9271,25.040,1013.250,0.000,-1.160,-1.581,8.687,-19.084,-24.959,147.499,-30.655268,143.221298
@9521,24.886,1013.250,0.000,0.549,-0.644,8.122,-26.032,128.852,69.118,-30.655268,143.221298
@9771,24.921,1013.250,0.000,-0.508,1.985,8.901,121.428,-137.574,-87.666,-30.655268,143.221298
@0021,24.789,1013.250,0.000,-1.690,1.038,9.839,-87.737,-170.559,-93.950,-30.655268,143.221298
@0271,25.220,1013.250,0.000,1.444,0.194,8.054,-67.823,-171.332,15.203,-30.655268,143.221298
@0521,25.422,1013.250,0.000,0.302,-1.773,8.037,-140.247,96.148,32.542,-30.655268,143.221298
@0771,25.480,1013.250,0.000,
@
@
@
@
@
@
@
@
@
@
@
@
@
@
@
@
@
@
@
@
@
@
@
@
@
@
@
@
@
@
@
@
@
@
@
@
@
@
@
@
@
@
@
@
@1521,22.196,960.924,447.222,0.950,-1.403,9.882,100.562,-89.141,-4.236,-30.656162,143.218674
@1771,22.325,962.745,431.250,1.148,0.843,9.813,34.278,-2.319,-173.303,-30.656137,143.218781
@2021,21.919,964.570,415.278,-1.677,-1.273,9.802,-88.766,-164.985,152.230,-30.656113,143.218903
@2271,22.372,966.399,399.306,0.343,0.614,9.734,117.669,97.564,8.647,-30.656086,143.219009
@2521,22.920,968.230,383.333,0.057,0.603,8.564,69.361,-124.844,166.622,-30.656059,143.219116
@2771,22.183,970.066,367.361,0.167,0.478,8.214,70.425,120.734,-39.996,-30.656033,143.219223
@3021,23.010,971.904,351.389,-1.939,0.913,8.982,-97.817,-131.246,78.555,-30.656004,143.219345
@3271,22.715,973.747,335.417,-1.850,0.021,8.156,120.071,-68.646,155.413,-30.655977,143.219452
@3521,23.265,975.592,319.444,0.990,-0.608,9.181,111.874,45.139,139.010,-30.655949,143.219559
@3771,22.797,977.441,303.472,0.142,1.093,8.854,-122.178,21.330,27.605,-30.655920,143.219666
@4021,22.968,979.294,287.500,1.575,0.216,9.183,-155.014,21.696,159.166,-30.655890,143.219772
@4271,23.410,981.150,271.528,-1.675,1.951,9.280,22.258,93.807,91.325,-30.655859,143.219879
@4521,22.869,983.010,255.556,1.083,1.523,8.779,-96.942,-67.459,-151.913,-30.655828,143.219986
@4771,23.906,984.873,239.583,-0.216,0.498,8.858,-114.666,-146.148,-148.005,-30.655798,143.220078
@5021,23.103,986.740,223.611,1.339,-1.409,9.885,-148.157,167.691,148.323,-30.655766,143.220184
@5271,24.038,988.611,207.639,1.600,1.198,8.685,170.507,26.241,52.996,-30.655733,143.220276
@5521,23.552,990.484,191.667,-0.524,0.085,8.432,31.586,113.602,-4.365,-30.655701,143.220367
@5771,23.411,992.362,175.694,0.721,1.217,8.673,-48.073,-64.138,-149.633,-30.655668,143.220459
@6021,23.875,994.243,159.722,-0.747,-0.398,8.358,163.412,-114.809,-108.789,-30.655634,143.220551
@6271,24.487,996.127,143.750,-1.527,-0.996,8.331,-162.275,-136.304,-16.092,-30.655600,143.220642
@6521,23.978,998.016,127.778,1.862,-0.034,8.895,-61.827,69.350,-59.297,-30.655563,143.220718
@6771,24.040,999.907,111.806,-0.640,1.374,9.666,142.844,108.219,20.801,-30.655529,143.220810
@7021,24.717,1001.803,95.833,1.268,0.897,8.520,-117.763,17.657,-60.855,-30.655493,143.220886
@7271,24.279,1003.701,79.861,0.896,-1.201,9.912,-167.679,-15.931,-155.214,-30.655457,143.220963
@7521,24.118,1005.604,63.889,-0.857,-1.782,8.367,-81.068,-132.101,7.167,-30.655420,143.221024
@7771,24.317,1007.510,47.917,-0.165,1.623,8.327,60.498,150.138,-99.391,-30.655382,143.221100
@8021,24.753,1009.420,31.944,-1.256,-0.047,9.495,-101.837,-173.747,-64.447,-30.655344,143.221161
@8271,24.653,1011.333,15.972,-1.508,-0.848,9.076,179.991,-160.728,56.966,-30.655306,143.221237
@8521,24.867,1013.250,0.000,1.369,1.367,9.691,-139.477,29.050,161.226,-30.655268,143.221298
@8771,25.149,1013.250,0.000,0.806,-1.173,9.168,-137.699,72.918,-9.005,-30.655268,143.221298
@9021,25.239,1013.250,0.000,-0.583,0.078,9.605,-51.489,151.686,-118.291,-30.655268,143.221298
@9271,25.077,1013.250,0.000,1.496,1.364,9.813,-63.465,156.611,115.217,-30.655268,143.221298
@9521,25.211,1013.250,0.000,-1.334,0.003,9.027,69.240,-66.270,108.406,-30.655268,143.221298
@9771,24.777,1013.250,0.000,-0.039,-1.271,8.374,-71.901,104.880,121.572,-30.655268,143.221298
@0021,24.594,1013.250,0.000,-0.425,0.956,9.156,-34.008,-172.512,27.763,-30.655268,143.221298
@0271,25.281,1013.250,0.000,-1.260,-1.456,8.790,142.369,-8.853,167.784,-30.655268,143.221298
@0521,24.512,1013.250,0.000,1.943,0.206,9.913,23.125,141.501,-161.168,-30.655268,143.221298
@0771,24.971,1013.250,0.000,0.846,-0.921,9.185,-41.082,-7.659,116.743,-30.655268,143.221298
@1021,24.796,1013.250,0.000,-0.606,-0.290,9.211,102.569,27.386,147.190,-30.655268,143.221298
@1271,24.568,1013.250,0.000,-0.743,-0.492,9.289,-70.751,-130.930,-8.427,-30.655268,143.221298
@1521,25.474,1013.250,0.000,0.943,-1.896,9.259,-84.411,-9.298,108.947,-30.655268,143.221298
@1771,24.858,1013.250,0.000,1.108,-1.188,8.905,-63.343,115.033,137.807,-30.655268,143.221298
@2021,24.641,1013.250,0.000,0.495,1.665,9.450,-92.078,-64.892,-104.490,-30.655268,143.221298
@2271,25.287,1013.250,0.000,1.573,-1.852,8.084,-40.296,82.306,-43.068,-30.655268,143.221298
@2521,24.955,1013.250,0.000,0.689,-0.075,9.068,43.230,-41.504,107.540,-30.655268,143.221298
@2771,24.734,1013.250,0.000,1.879,1.960,9.467,145.335,-175.464,21.986,-30.655268,143.221298
@3021,24.761,1013.250,0.000,0.520,1.099,8.920,142.491,-131.828,99.716,-30.655268,143.221298
@3271,24.848,1013.250,0.000,-0.346,0.266,8.283,39.407,161.834,-121.178,-30.655268,143.221298
@3521,24.724,1013.250,0.000,-0.535,-0.954,8.979,-171.283,-26.680,-4.483,-30.655268,143.221298
@3771,25.400,1013.250,0.000,1.788,1.363,8.545,-120.060,-92.275,88.641,-30.655268,143.221298
@4021,25.351,1013.250,0.000,-0.425,0.800,8.993,57.956,-134.030,9.157,-30.655268,143.221298
@4271,25.038,1013.250,0.000,-1.500,-0.997,8.811,-161.465,-113.309,-146.855,-30.655268,143.221298
@4521,25.250,1013.250,0.000,-0.917,-1.980,9.440,95.091,-81.206,-145.199,-30.655268,143.221298
@4771,24.905,1013.250,0.000,1.708,-1.636,9.868,64.304,158.881,-121.085,-30.655268,143.221298
@5021,25.277,1013.250,0.000,-0.933,-0.152,8.417,95.383,56.197,-120.212,-30.655268,143.221298
@5271,25.356,1013.250,0.000,-0.466,-0.826,9.437,-90.982,10.040,43.143,-30.655268,143.221298
@5521,24.629,1013.250,0.000,-1.457,1.614,9.891,160.773,-159.053,150.776,-30.655268,143.221298
@5771,25.179,1013.250,0.000,1.860,-0.207,8.679,176.797,134.453,115.641,-30.655268,143.221298
@6021,24.868,1013.250,0.000,-0.057,-0.683,9.541,117.425,-170.275,-179.219,-30.655268,143.221298
@6271,25.126,1013.250,0.000,-1.152,0.989,8.881,-109.924,-115.144,110.328,-30.655268,143.221298
@6521,24.655,1013.250,0.000,-0.091,0.770,8.292,154.135,178.028,25.766,-30.655268,143.221298
@6771,25.312,1013.250,0.000,0.573,1.270,9.215,76.742,-66.913,172.589,-30.655268,143.221298
@7021,25.138,1013.250,0.000,-0.498,-0.692,8.697,33.714,28.804,-166.407,-30.655268,143.221298
@7271,24.511,1013.250,0.000,-1.915,0.084,9.824,155.546,-12.574,-40.837,-30.655268,143.221298
@7521,24.833,1013.250,0.000,-1.621,0.563,8.075,-66.975,88.783,172.819,-30.655268,143.221298
@7771,25.242,1013.250,0.000,-1.817,0.999,8.392,42.124,167.953,-166.987,-30.655268,143.221298
@8021,24.712,1013.250,0.000,-1.212,-1.889,9.564,11.613,-11.537,-32.335,-30.655268,143.221298
@8271,24.896,1013.250,0.000,-0.199,1.878,9.069,83.949,73.021,-155.912,-30.655268,143.221298
@8521,24.622,1013.250,0.000,-0.682,-1.065,8.441,-97.604,45.771,23.367,-30.655268,143.221298
@8771,25.129,1013.250,0.000,-1.578,-0.942,8.541,-160.387,83.786,-148.447,-30.655268,143.221298
@9021,25.244,1013.250,0.000,0.037,-0.782,8.191,-81.587,-84.893,81.206,-30.655268,143.221298
@9271,25.083,1013.250,0.000,0.955,-0.244,9.475,-160.500,-134.077,-86.551,-30.655268,143.221298
@9521,25.289,1013.250,0.000,-1.315,-1.985,9.520,-91.682,-41.768,-123.915,-30.655268,143.221298
@9771,25.122,1013.250,0.000,1.478,1.936,9.886,116.973,132.530,-141.141,-30.655268,143.221298
@0021,24.777,1013.250,0.000,0.876,-1.738,8.055,-159.934,55.969,55.187,-30.655268,143.221298
@0271,25.003,1013.250,0.000,-1.777,1.923,8.094,21.884,-156.118,-110.190,-30.655268,143.221298
@0521,24.664,1013.250,0.000,1.567,-1.840,9.809,90.039,74.005,-0.826,-30.655268,143.221298
@0771,25.052,1013.250,0.000,-0.075,-1.718,8.491,-74.007,109.925,114.434,-30.655268,143.221298
@ts Jul 29 2019 12:21:46
@
@st:0x1 (POWERON_RESET),boot:0x13 (SPI_FAST_FLASH_BOOT)
@onfigsip: 0, SPIWP:0xee
@lk_drv:0x00,q_drv:0x00,d_drv:0x00,cs0_drv:0x00,hd_drv:0x00,wp_drv:0x00
@ode:DIO, clock div:1
@oad:0x3fff0030,len:4640
@oad:0x40078000,len:15592
@oad:0x40080400,len:3164
@ntry 0x4008059c
@21,25.115,1013.250,0.000,0.112,-0.617,8.771,49.403,-126.350,-177.652,-30.664656,143.196304
@71,24.395,1010.299,24.603,-0.699,-0.845,9.160,-120.342,-169.404,-131.880,-30.664619,143.196411
@021,24.738,1007.356,49.206,-1.735,-0.126,8.499,-126.582,-90.751,-64.845,-30.664583,143.196533
@271,24.408,1004.422,73.810,-1.281,-0.830,9.714,175.549,-176.047,-120.045,-30.664549,143.196640
@521,24.518,1001.496,98.413,1.453,-0.263,9.401,-146.405,134.200,144.755,-30.664513,143.196747
@771,24.296,998.579,123.016,-0.063,-1.856,9.194,152.481,15.860,154.186,-30.664480,143.196854
@021,24.037,995.671,147.619,-1.147,1.075,8.669,-68.368,-79.221,164.820,-30.664446,143.196960
@271,24.352,992.770,172.222,-1.262,0.901,8.267,-32.707,103.715,3.228,-30.664413,143.197067
@521,24.194,989.879,196.825,1.149,0.704,9.646,-178.084,-101.014,-91.892,-30.664381,143.197174
@771,23.351,986.996,221.429,0.120,0.150,8.122,-137.176,26.019,12.446,-30.664349,143.197281
@021,23.176,984.121,246.032,-0.599,-0.571,8.902,27.226,-73.831,-92.431,-30.664316,143.197372
@271,23.723,981.254,270.635,-1.649,-1.015,9.820,-28.352,106.564,-164.067,-30.664286,143.197479
@521,22.590,978.396,295.238,0.366,-1.174,8.201,141.629,155.416,-83.724,-30.664255,143.197571
@771,22.809,975.546,319.841,0.901,1.386,9.098,-116.638,83.661,-106.065,-30.664227,143.197662
@021,22.626,972.705,344.444,-0.527,-1.819,8.709,61.185,-45.707,135.508,-30.664196,143.197754
@271,22.339,969.872,369.048,-0.476,-0.779,9.764,-43.516,-14.636,54.944,-30.664167,143.197845
@521,22.270,967.047,393.651,-1.569,1.953,9.684,-62.046,19.916,178.275,-30.664141,143.197937
@771,21.985,964.230,418.254,0.908,0.032,8.020,11.535,41.259,176.336,-30.664112,143.198013
@021,22.166,961.421,442.857,0.401,-1.501,8.738,43.336,-153.874,145.250,-30.664085,143.198090
@271,21.982,958.621,467.460,1.078,1.726,9.189,12.210,-108.217,22.313,-30.664059,143.198166
@521,22.130,955.829,492.063,-1.415,-1.320,8.411,102.595,-151.840,111.575,-30.664032,143.198242
@771,22.044,953.045,516.667,1.018,-0.796,8.487,-83.153,151.512,172.682,-30.664007,143.198318
@021,21.275,950.269,541.270,-1.176,-0.835,9.896,-88.930,-131.212,-131.567,-30.663980,143.198395
@271,21.601,947.501,565.873,0.199,0.132,8.729,27.098,92.481,22.195,-30.663956,143.198456
@521,21.273,944.741,590.476,0.181,-0.231,9.036,-57.235,-161.035,-74.602,-30.663933,143.198517
@771,21.287,941.989,615.079,-1.146,1.898,9.897,-114.720,48.126,-152.156,-30.663908,143.198578
@021,20.765,938.667,644.885,0.987,-0.447,9.953,141.017,-47.250,137.622,-30.663885,143.198639
@271,20.235,935.211,675.991,-0.271,1.915,8.711,-85.633,-140.258,-25.934,-30.663860,143.198700
@521,20.814,931.769,707.097,-0.900,1.036,8.427,131.964,-21.176,38.227,-30.663837,143.198761
@771,19.717,928.339,738.203,1.400,-0.497,8.658,-105.560,52.922,-46.317,-30.663816,143.198807
@021,20.219,924.921,769.309,-0.208,1.251,8.593,-119.769,4.073,163.019,-30.663794,143.198853
@271,19.662,921.516,800.415,0.284,1.682,8.175,-1.795,104.143,4.493,-30.663771,143.198914
@521,19.636,918.124,831.521,-1.000,1.552,8.936,-63.892,-142.869,12.498,-30.663750,143.198959
@771,19.066,914.744,862.627,-0.412,0.243,8.736,111.690,156.484,-143.313,-30.663727,143.199005
@021,19.018,911.377,893.733,-0.319,0.620,9.125,118.782,84.360,96.802,-30.663706,143.199051
@271,18.698,908.022,924.839,0.154,1.308,9.911,98.204,-70.025,-72.259,-30.663685,143.199097
@521,18.903,904.680,955.945,-0.624,1.522,8.420,-65.958,50.035,60.362,-30.663664,143.199142
@771,18.498,901.349,987.051,-1.517,0.637,9.199,-24.468,37.263,-56.562,-30.663643,143.199203
@0021,18.010,898.031,1018.157,0.615,-0.802,9.930,-21.777,-168.917,89.840,-30.663622,143.199249
@0271,17.706,894.726,1049.263,1.465,1.556,9.238,-69.053,-45.947,98.617,-30.663601,143.199295
@0521,18.348,891.432,1080.369,-0.417,1.279,8.071,146.094,-171.457,123.827,-30.663580,143.199341
@0771,17.749,888.150,1111.475,-1.158,-1.040,8.369,13.768,-160.785,24.205,-30.663559,143.199387
@1021,17.392,884.881,1142.581,1.143,0.053,9.484,-168.927,-148.289,-65.313,-30.663538,143.199448
@1271,17.035,881.624,1173.687,0.418,0.905,8.833,-96.707,-162.930,144.280,-30.663515,143.199493
@1521,17.218,878.378,1204.793,0.652,0.627,8.285,68.497,10.956,-101.766,-30.663494,143.199554
@1771,16.644,875.145,1235.899,-0.146,-1.638,8.471,153.750,13.652,86.376,-30.663473,143.199600
@2021,16.392,871.923,1267.005,1.564,-1.253,8.687,17.168,166.169,163.683,-30.663452,143.199661
@2271,16.570,868.714,1298.111,-0.490,0.854,8.259,135.314,-144.367,107.293,-30.663429,143.199722
@2521,16.800,865.516,1329.217,1.937,1.261,8.921,25.696,-75.921,-56.723,-30.663408,143.199783
@2771,15.996,862.330,1360.323,1.054,0.998,8.562,127.873,-20.480,-38.783,-30.663385,143.199844
@3021,16.143,859.155,1391.428,1.681,-1.786,8.990,59.937,5.391,-153.587,-30.663363,143.199921
@3271,15.868,855.992,1422.535,-1.788,1.482,9.227,69.552,-31.246,74.803,-30.663340,143.199982
@3521,15.967,852.841,1453.641,1.683,0.152,8.329,176.354,-163.690,100.286,-30.663317,143.200058
@3771,15.784,849.702,1484.746,-0.721,-0.266,9.690,-91.083,-75.256,-141.104,-30.663292,143.200134
@4021,14.733,846.574,1515.852,0.191,1.835,8.198,9.352,150.203,-22.201,-30.663269,143.200211
@4271,14.697,843.458,1546.958,-0.249,-1.504,8.477,24.243,-143.839,146.514,-30.663244,143.200287
@4521,14.595,840.353,1578.064,-1.387,-1.986,8.037,-38.614,108.684,-122.401,-30.663219,143.200378
@4771,14.662,837.259,1609.170,0.934,0.763,9.633,-27.464,-57.845,126.335,-30.663195,143.200455
@5021,14.630,834.177,1640.276,-1.896,-0.300,8.629,74.465,104.086,-9.382,-30.663168,143.200546
@5271,14.514,831.107,1671.382,-1.604,-1.422,8.528,-115.119,132.440,92.060,-30.663141,143.200638
@5521,14.344,828.047,1702.488,-1.142,-1.688,8.007,8.217,-96.513,42.475,-30.663115,143.200745
@5771,13.334,824.999,1733.594,0.064,-0.323,9.158,-96.320,39.580,-177.725,-30.663088,143.200836
@6021,13.893,821.962,1764.700,-0.662,0.072,9.915,-20.648,-19.171,73.961,-30.663059,143.200928
@6271,13.219,818.936,1795.806,-1.180,-0.766,8.639,94.401,-66.161,60.894,-30.663033,143.201035
@6521,12.943,815.922,1826.912,0.651,-1.631,8.039,2.602,-105.470,51.789,-30.663004,143.201141
@6771,13.401,812.918,1858.018,-0.142,-0.517,9.083,124.680,58.935,-76.892,-30.662973,143.201248
@7021,13.185,809.926,1889.124,1.330,0.613,9.093,25.645,-178.462,-117.240,-30.662945,143.201355
@7271,12.651,806.944,1920.230,1.400,1.141,9.732,-179.381,78.368,32.774,-30.662914,143.201462
@7521,12.593,803.974,1951.336,-1.999,-0.875,9.617,-98.600,154.986,104.969,-30.662882,143.201569
@7771,12.225,801.014,1982.442,1.110,-0.801,8.529,-176.174,136.554,75.514,-30.662851,143.201675
@8021,12.197,798.065,2013.548,0.909,-0.672,9.666,100.233,-147.424,121.195,-30.662819,143.201782
@8271,12.174,795.128,2044.654,-1.209,-0.702,9.112,40.594,-40.713,-53.604,-30.662786,143.201889
@8521,11.570,792.201,2075.760,0.179,-0.198,9.948,144.079,63.312,-16.765,-30.662754,143.202011
@8771,11.547,789.284,2106.866,-1.236,-1.153,8.737,-37.171,-166.104,-94.497,-30.662720,143.202118
@9021,11.269,786.379,2137.972,-1.523,-0.814,8.678,131.687,113.205,1.348,-30.662685,143.202225
@9271,10.864,783.484,2169.078,0.570,-1.048,8.492,13.062,37.885,-59.855,-30.662651,143.202347
@9521,10.486,780.600,2200.184,1.092,-1.965,9.360,159.727,-21.131,-104.036,-30.662617,143.202454
@9771,10.236,777.727,2231.290,0.755,0.405,8.829,146.127,170.261,152.914,-30.662580,143.202560
@0021,10.456,774.864,2262.396,0.155,-0.165,9.138,132.594,64.330,59.449,-30.662544,143.202667
@0271,9.639,772.011,2293.502,1.785,1.042,8.740,57.543,50.194,-121.581,-30.662508,143.202774
@0521,9.771,769.169,2324.608,-0.477,-1.066,8.226,-127.317,-85.410,-165.513,-30.662470,143.202881
@0771,9.584,766.338,2355.714,1.235,-1.066,8.691,166.677,-87.070,-109.806,-30.662434,143.202972
@1021,9.402,763.517,2386.820,1.320,-1.983,9.284,6.836,145.543,17.631,-30.662395,143.203079
@1271,9.020,760.706,2417.926,-1.137,-0.438,8.272,-148.343,-99.885,-95.786,-30.662357,143.203171
@1521,9.331,757.906,2449.032,-0.127,0.436,8.982,85.416,-167.569,163.387,-30.662319,143.203278
@1771,8.467,755.116,2480.138,0.977,0.127,9.099,133.647,127.790,-40.557,-30.662279,143.203369
@2021,8.933,752.336,2511.244,-0.769,-1.209,9.601,-4.005,153.331,145.605,-30.662241,143.203461
@2271,8.781,749.567,2542.350,-1.441,0.822,8.939,160.490,58.314,-20.442,-30.662201,143.203537
@2521,8.083,746.808,2573.456,0.340,1.603,8.792,41.960,19.870,25.881,-30.662161,143.203629
@2771,8.089,744.058,2604.562,0.716,0.417,9.569,-105.583,-55.007,133.892,-30.662121,143.203705
@3021,7.377,741.319,2635.668,1.601,-1.819,9.726,-127.246,-93.556,156.544,-30.662081,143.203796
@3271,7.546,738.591,2666.774,1.928,0.240,9.225,167.674,-51.249,-170.418,-30.662041,143.203873
@3521,7.473,735.872,2697.880,0.873,1.661,9.945,-46.846,8.138,126.544,-30.662001,143.203949
@3771,7.466,733.163,2728.986,-1.705,0.726,8.133,106.508,-163.495,155.784,-30.661959,143.204010
@4021,7.553,730.464,2760.092,-0.210,1.068,9.859,143.675,129.747,-11.633,-30.661919,143.204086
@4271,7.191,727.775,2791.198,-1.198,1.803,9.142,75.479,-148.734,-51.118,-30.661879,143.204147
@4521,6.632,725.096,2822.304,0.188,-0.800,9.431,-126.289,44.672,108.640,-30.661837,143.204208
@4771,6.469,722.427,2853.410,-1.090,-1.216,8.733,-179.238,-11.290,80.412,-30.661797,143.204269
@5021,6.223,719.767,2884.516,0.592,1.929,8.899,-71.951,-57.961,151.238,-30.661755,143.204330
@5271,5.606,717.118,2915.622,-1.149,-0.692,9.303,-139.899,-24.308,75.115,-30.661715,143.204391
@5521,6.273,714.478,2946.728,-1.002,0.489,8.252,125.814,-31.016,-101.602,-30.661674,143.204453
@5771,5.843,711.848,2977.834,1.743,1.224,8.838,-52.817,-133.608,105.987,-30.661633,143.204498
@6021,5.030,709.227,3008.940,-0.319,0.400,8.465,-49.770,-58.664,132.644,-30.661592,143.204544
@6271,5.282,706.617,3040.046,-1.985,1.246,8.829,97.044,81.196,-42.045,-30.661552,143.204605
@6521,5.063,704.016,3071.152,-1.361,0.483,8.519,66.712,-141.810,-63.876,-30.661512,143.204651
@6771,4.787,701.424,3102.258,1.359,-0.942,8.813,86.652,-164.630,137.127,-30.661472,143.204697
@7021,4.770,698.842,3133.364,1.456,0.284,9.879,133.750,87.198,-0.874,-30.661434,143.204742
@7271,4.216,696.269,3164.470,1.803,-0.800,9.659,-62.610,162.757,-90.826,-30.661394,143.204788
@7521,4.491,693.706,3195.576,-0.128,-0.442,9.355,73.144,29.433,-159.100,-30.661356,143.204834
@7771,3.598,691.153,3226.682,1.179,-0.557,9.823,92.875,-84.789,-5.574,-30.661316,143.204895
@8021,3.382,688.608,3257.788,-0.144,1.397,9.483,-125.145,-116.449,89.707,-30.661278,143.204941
@8271,3.905,686.073,3288.894,-1.670,1.150,9.207,-46.462,77.230,-149.402,-30.661240,143.204987
